,0,1,2,3,4,5,6,7,8,9,10,11
"('Bregma-1', '-1971.778086_2745.402956')",0.027724183687053403,0.14116579190091372,0.2704097366666577,0.03254761584078237,1.3330542446108125e-05,0.006244929936810879,0.0250907560187605,0.027953418738760394,0.1209349912876419,0.0015573659159231633,0.2732453079424148,0.07311257152183506
"('Bregma-1', '-1971.778086_2845.402956')",0.05860961166638549,0.2319505515362822,0.18175830632686843,1.7693960845947692e-05,0.014277892853922306,1.6275238575186e-05,0.09968421920565036,8.850200741916282e-05,0.019572356580159277,0.006836799531538983,0.22598803153256145,0.16119975955979138
"('Bregma-1', '-1971.778086_2945.402956')",0.19105713760150725,0.12510973070394216,0.11086177961076488,0.11947982294322135,0.029791163445101604,1.1009474278201777e-05,0.08431383789940985,0.08619515411418321,0.13282159445711986,0.07456160467483708,0.012230928943125476,0.03356623613250918
"('Bregma-1', '-1971.778086_3045.402956')",0.011987002451658539,8.089225667376157e-06,0.4620983248361688,0.047167976854407795,0.006362318207771204,8.235807457933598e-06,0.09110717518328189,8.35831678456817e-06,0.0024214180202529415,0.10278241223531343,0.08714965870674306,0.18889903015449247
"('Bregma-1', '-1971.778086_3145.402956')",0.01468168108227507,0.08463793253574997,0.1468124284036658,0.01855786956996331,1.130271499789075e-05,1.1233152854617202e-05,0.5208754232520992,0.058191051226324855,0.0018922259681729559,0.017857223339725604,1.130271519946396e-05,0.1364603260389712
"('Bregma-1', '-1971.778086_3245.402956')",0.048233056460873114,0.0022501193885063847,0.2483937772296075,0.12364500801633808,0.006917088823123358,8.005654430800257e-06,0.06723562020424251,0.08002030837611737,0.08976684623983164,0.16354477202321527,0.09844232742589143,0.07154307015782252
"('Bregma-1', '-1971.778086_3345.402956')",0.02532180169916067,0.06704331316770541,0.17059867484536806,0.19336297136649055,0.11963452815927356,1.4896271500914615e-05,0.005292381614629119,0.02401048537792318,0.0056644707755185925,0.22904419628769995,1.588572673590314e-05,0.15999639470799396
"('Bregma-1', '-1971.778086_3445.402956')",0.03607821092906778,8.596139082314869e-06,0.032265261528815196,0.3627076756073992,0.11660881030407534,0.001706722815440098,8.591533268339581e-06,0.0009281924916997355,0.04745797681998129,0.21020577601943782,0.08915944292690717,0.10286474288482582
"('Bregma-1', '-1971.778086_3545.402956')",0.08282267161747663,0.06657602524218452,0.03519322303207508,0.2792540205548653,0.10221375660662813,1.0969582151288179e-05,0.018944714585590383,0.030595515838685142,0.010894448487627694,0.14716413716564217,0.09540064194920765,0.13092987533786607
"('Bregma-1', '-1971.778086_3645.402956')",0.05898096500381676,0.09216979454035135,0.05964323576641303,0.15770069918854182,0.26731304002332823,7.691210435798464e-06,0.07551335983498697,0.010269057962345195,0.017061826511095942,0.1245395706581445,0.12648714864296884,0.010313610657571592
"('Bregma-1', '-1971.778086_3745.402956')",0.08888285346438315,0.022286910377963508,1.3328543446960298e-05,0.2375822930384651,0.3246122357168518,1.2654773200054453e-05,1.310232889535442e-05,0.029998781931488333,0.005994449930704629,0.09334937979854434,0.17221494300733206,0.025039067088724793
"('Bregma-1', '-1971.778086_3845.402956')",0.04600697281217194,0.13475115139008145,0.06210906518486928,0.004610749299596443,0.11126021218538616,8.264821489674168e-06,0.005267539674207526,0.18966084993584656,0.09908767800398507,0.2047895767107788,0.09860120558714719,0.04384673439443997
"('Bregma-1', '-1971.778086_3945.402956')",0.05515858480925427,9.49071613110721e-06,0.023359162845180196,0.1829216753812736,0.1404953696079949,9.26062621093339e-06,0.05182446829772344,0.09245685593763837,0.028840455563009758,0.10867344923923074,0.3095403341207358,0.006710892855616924
"('Bregma-1', '-1971.778086_4045.402956')",0.07637152688641181,0.21019393918543586,9.12528821565387e-06,0.08318276514144679,0.06230527653957734,0.0016568952651604425,0.027812556603760693,0.0301180953250972,0.045196194586856954,0.0426450566773811,0.37626369286968,0.04424487563097637
"('Bregma-1', '-1971.778086_4145.402956')",0.05888764405802327,0.282389631752665,0.01849097910217062,0.10995146862073464,1.203097580162801e-05,1.1624718254897308e-05,0.06523147483789898,1.2031000061731777e-05,0.090348043804649,0.06250958886995092,0.14384303261418807,0.16831244964560133
"('Bregma-1', '-1971.778086_4245.402956')",0.04940745547887074,0.07513137984958626,0.03409503945081588,0.18706079843207762,0.05319114978113051,0.002491394075622797,0.17128252789165432,0.06455075027604947,0.010635917947481423,3.445151346657117e-05,0.35156839376890664,0.0005507415343376111
"('Bregma-1', '-2071.778086_2745.402956')",0.04152653711569322,0.13161118494541377,0.2019637355042203,0.09865627562353001,0.0334661221432334,1.393907827415562e-05,0.06695893930333201,0.03662877457379475,0.12287737011518551,0.05915812131229362,0.18507530150260854,0.022063698782420833
"('Bregma-1', '-2071.778086_2845.402956')",0.05118474242233592,0.16628195186979072,0.03577636908013985,0.06726873702040444,0.05167683304065734,0.004758292390016058,0.08342378951215414,0.10043405114586519,0.12929882650846436,0.1321866883879562,0.05416367097100989,0.12354604765120597
"('Bregma-1', '-2071.778086_2945.402956')",0.08009303414090087,0.1727059962086547,0.13088181775318516,0.08927097013215739,0.010369064814270617,0.004753801277618865,0.027828027838651417,1.4164960076507055e-05,0.06717032036956752,0.3037863392305125,1.4621576124743183e-05,0.11311184169827967
"('Bregma-1', '-2071.778086_3045.402956')",0.05316786041640052,0.0892388469554979,0.2166259678272602,0.19161380485485235,0.061673687123846306,0.023942085290442717,0.09456533237198204,0.003768354842101713,0.04584252255387634,0.1043244496837286,0.1004550878522432,0.014782000227768002
"('Bregma-1', '-2071.778086_3145.402956')",0.03478422484376884,0.16357543520543538,0.02607749040819045,0.16734122623137238,0.09900447976650646,1.2477554128592501e-05,0.05709905561625938,0.12461644143692606,0.03104188916369589,0.09650151739714995,0.022388012544201242,0.17755774983236544
"('Bregma-1', '-2071.778086_3245.402956')",0.13944273174054114,0.012154705843776432,0.16281469560643894,0.2791995807145867,0.053798908966102094,1.452664747025735e-05,0.03924952302757647,0.0030831215142144066,0.009270391172380762,0.1448146314392224,0.05127946182711046,0.10487772150057986
"('Bregma-1', '-2071.778086_3345.402956')",0.20826131738436374,0.09459840739525942,0.02300086209312415,0.2760397877178899,0.02285467156232159,2.0555618622290823e-05,0.1459848365248237,0.002155145434686772,0.019232618659392225,0.16177482862840814,0.03355421323175523,0.012522755749353118
"('Bregma-1', '-2071.778086_3445.402956')",0.15195363931949904,0.00039404430123388384,0.10071474686453262,0.16198035030681585,0.17339134435660175,1.480970612566564e-05,0.010164812387009598,0.002242423668180859,1.5466330862992437e-05,0.21105635629319588,0.1666242690911463,0.021447737374795637
"('Bregma-1', '-2071.778086_3545.402956')",0.03094433902733313,0.026572611029936254,0.03264987844394645,0.12227179251981253,0.45353702798275064,7.884731017105721e-06,0.004422094206107559,0.008318067312529962,8.235893826398286e-06,0.15388964822843623,0.11147416122621337,0.05590425939809025
"('Bregma-1', '-2071.778086_3645.402956')",0.02974513787351598,0.10378782519198088,0.09105415218142304,0.13703781282050506,0.17975969484475796,9.197790272024251e-06,0.10982880635224446,0.06725065873161394,0.029344290377751218,0.1454635481506324,0.06965160626636431,0.03706726941893865
"('Bregma-1', '-2071.778086_3745.402956')",0.009345350347552652,0.14837588377864028,0.03735000435213735,0.12731288326729487,0.22161092659990791,0.004215333751679484,0.15927903666808038,0.10488881886097373,0.0025335104667051837,0.11006606544050707,0.029631282843087067,0.04539090362343392
"('Bregma-1', '-2071.778086_3845.402956')",8.54326835918354e-06,0.15074406918728664,0.13647627321504055,0.009805875134623889,0.26438835656599285,8.401108828626257e-06,0.03407925081977217,0.04254351286880161,0.0637627443081138,0.1371952828311921,0.15823145985172513,0.0027562308402636197
"('Bregma-1', '-2071.778086_3945.402956')",0.040292683431119365,0.1112113894310249,0.007048615743197601,0.11356175042545116,0.179623939599537,0.002140158951007232,0.035731278908986676,0.06578214017318577,0.037916164417363084,0.113107876491557,0.28760871236739544,0.005975290060174691
"('Bregma-1', '-2071.778086_4045.402956')",0.08515812399195033,0.17038563976414603,0.05882709567504695,0.102094126208747,0.04922912598287063,6.945516589274834e-06,0.02841897005912253,0.12421772390641521,0.023659237188250016,0.0003792635865598045,0.3162309472277237,0.04139280089257855
"('Bregma-1', '-2071.778086_4145.402956')",0.00917567034739265,0.18565300428100448,0.018809255064638264,0.21409496934668895,0.08619384137030546,0.002389974930114911,0.005712744940618858,0.14527926725891405,0.07079468176327885,0.00011214256132972157,0.2533465193605636,0.008437928775150007
"('Bregma-1', '-2071.778086_4245.402956')",0.08567224360535629,0.1487472090755835,0.0034819584385960816,0.27555973345382057,0.043343509694299835,8.105032190751796e-06,8.037272721425205e-06,0.002617119701760712,0.031007531758209386,0.1060077186504406,0.2959940617676434,0.007552771549377496
"('Bregma-1', '-2171.778086_2745.402956')",0.1591146990516513,0.06727979827815249,0.05469421809000964,0.11175264642041732,2.5546893701113394e-05,2.403357937225209e-05,0.06990045559799778,0.03224048598013499,0.16867898867325704,0.15327705626786284,0.04631791265126781,0.13669415851617545
"('Bregma-1', '-2171.778086_2845.402956')",0.06278357067344599,0.1011040563123985,0.042359370867610144,0.20955844881714078,0.02351872291887751,0.0045601949884387155,0.22131139870770175,0.03126745923601809,0.06383545430595201,0.18567798619773274,0.03898029368591336,0.015043043288770456
"('Bregma-1', '-2171.778086_2945.402956')",0.040307368890353405,0.14131454844499222,0.10421476581290912,0.2935454431375949,0.040022519833034564,8.082826075012866e-06,0.04948531516288526,0.04155059749904401,0.04240683234518888,0.1446460503480602,0.005929448946106536,0.09656902675375575
"('Bregma-1', '-2171.778086_3045.402956')",0.09373788623802871,0.06200516519285354,0.313172393891234,0.07654327850263606,0.004938398796327067,0.020379428362314184,0.08050205684868462,0.06612760848643265,0.12317647562386319,0.1506807934955699,0.008719507704387806,1.7006857668019158e-05
"('Bregma-1', '-2171.778086_3145.402956')",0.04193095946561944,0.1288035175019948,0.21985201018297973,0.09143398410875224,0.07380231866430945,1.529151208949373e-05,0.04994478183185614,0.006933922469255698,0.12372550590139593,0.1726454757409524,0.03192162031115747,0.058990612309637244
"('Bregma-1', '-2171.778086_3245.402956')",0.13360052378471998,0.13759970683023034,0.045865852459313884,0.1513062480400548,0.07389063975056176,0.004844714958322991,0.11946275006211272,0.10955100751617297,1.3341283526175782e-05,0.1107970013410296,0.006072523643151716,0.10699569033080308
"('Bregma-1', '-2171.778086_3345.402956')",0.03131359842068623,0.03758763399051849,0.21218235729876603,0.0731044066182372,0.2080798256187401,9.24210130441913e-06,0.07772759594010961,0.00078023025059229,0.053500691956249694,0.13429566313730612,0.10963741478188715,0.06178133988560275
"('Bregma-1', '-2171.778086_3445.402956')",0.05362807054211445,0.24432905653370637,0.031480667000657006,0.0008936038250218036,0.28124508797993164,0.0019466887643770294,0.023394262167079797,0.006433628006669139,0.01866543557577657,0.20816047491052012,0.12693855508927604,0.002884469604869945
"('Bregma-1', '-2171.778086_3545.402956')",0.046093694106888836,0.06924888237754916,0.026673123511428032,0.01289349285797772,0.26791595380300137,0.0031110999268732175,0.05774838911412692,0.005655540102521433,0.05189002078874792,0.25010498960900124,0.20230688998243285,0.006357923819451241
"('Bregma-1', '-2171.778086_3645.402956')",0.05194044462556595,1.6653967298655245e-05,0.02903923853650623,0.13104253883930214,0.3965967334405895,6.758834110636065e-06,0.0014279644018516868,0.06174551386367731,0.02968459244444608,0.15673910646114111,0.1317645574565608,0.00999589712894982
"('Bregma-1', '-2171.778086_3745.402956')",0.08322737175539073,1.2917273111019226e-05,0.019848145907374902,0.11309221315080904,0.3188229253460402,0.0055637716103937454,0.013919255040895596,0.09096638334125391,0.014611448452276231,0.13541492396009447,0.10018971253796835,0.10433093162439186
"('Bregma-1', '-2171.778086_3845.402956')",0.07910132087641614,0.24238051776876177,0.027985696409296035,0.22828294017078904,0.20031381431646764,9.680870060319761e-06,0.06415517339347145,2.0964504984628493e-05,0.05451823325013927,0.03436999392918095,0.053268680618621236,0.015592983891811563
"('Bregma-1', '-2171.778086_3945.402956')",0.07914956791371741,0.0016805791993265182,0.02413703090094414,0.06675286873406937,0.12169194165657125,0.0030152313220923642,0.07660207064161165,0.04100133244184786,0.045390486477257026,0.23932223165492278,0.22367288928640894,0.07758376977123076
"('Bregma-1', '-2171.778086_4045.402956')",0.14126515093057462,0.08819801764194206,0.006114024014026523,0.09854404817478794,0.011132487538665227,1.4565708625627942e-05,1.6045520856181942e-05,0.0025310802431838574,0.01432580784557525,0.1642584323366306,0.3669928502985573,0.10660748974657484
"('Bregma-1', '-2171.778086_4145.402956')",0.06302613696588737,0.06622712647523427,0.10288996451089594,0.059148516239497934,0.0198638633744264,1.0271471226274752e-05,0.15056096492408078,0.0002604523169529576,0.21969279874333814,0.02531494140977422,0.14527250911855968,0.147732454450126
"('Bregma-1', '-2171.778086_4245.402956')",0.030007161928939187,0.5133292157025905,0.14767455904469895,0.11294280374829921,0.046291831678070834,5.731966746420957e-06,0.003435930850037657,0.00018253127547860666,5.525402548268921e-06,0.010056715307860491,0.023519356827361965,0.11254863626736787
"('Bregma-1', '-2271.778086_2745.402956')",0.19947525982183786,0.1530097904348502,0.01787883039985908,0.10058578835272335,3.395822242504441e-05,3.195185268015062e-05,3.595032778546339e-05,0.2674331441153132,0.017835836844690377,0.057832936808961344,0.020813099719656027,0.16503345309921807
"('Bregma-1', '-2271.778086_2845.402956')",0.09208908532285857,0.02725525871234861,0.07263488466398303,0.06720666834058575,0.051826284431996245,0.005820395718925971,0.06945673013905748,0.14222803543871537,0.009203627735654979,0.3309580656905545,0.09220506406831679,0.039115899737002656
"('Bregma-1', '-2271.778086_2945.402956')",0.10369194238148575,0.19399496959012053,0.040316446674517996,0.16532678185074842,0.046084551912834545,1.465511112455468e-05,0.06467252103661152,0.005167808182575645,0.005862723975721996,0.2370721652841862,0.08297721345717246,0.0548182205429004
"('Bregma-1', '-2271.778086_3045.402956')",0.004317058371256149,0.04548723955577065,0.011037344989296835,0.2730787139110865,0.21773747783528138,8.681841427165523e-06,0.005104091897169245,0.0038752915392469833,0.03355845954482991,0.18040790178523478,0.18594222424069587,0.03944551448870453
"('Bregma-1', '-2271.778086_3145.402956')",0.036697469835590205,0.12568373038347064,0.030397298570869213,0.050265637373808694,0.2602641648186986,0.009806380348166737,0.0698515468817242,0.10295109602162315,0.009392674938199211,0.16204763039580444,0.11669272336155898,0.025949647070485915
"('Bregma-1', '-2271.778086_3245.402956')",0.004423763951361797,0.11967705692375624,0.013224939235960622,0.08293757666204735,0.31182550284579974,0.0023193921932849943,0.041050375680093065,0.050570783046879536,0.05973636571386748,0.10431226734799402,0.163966429750727,0.045955546648228186
"('Bregma-1', '-2271.778086_3345.402956')",0.0037153989182903448,0.05787687539861739,0.010090950633292708,0.16609049788328017,0.4327332629077796,0.0015655988486171007,0.06467683638398969,0.001178701348938468,0.001717627935184286,0.13290372617627186,0.12325653899900581,0.004193984566732705
"('Bregma-1', '-2271.778086_3445.402956')",0.027199125199352737,0.05686054278418934,6.822402916887614e-06,0.1584833489281406,0.23998640491065967,6.667685985505482e-06,0.050214637236232235,0.004315304958735509,0.01674306979611663,0.15686058488804097,0.201321119607702,0.08800237160192804
"('Bregma-1', '-2271.778086_3545.402956')",0.022816712429794817,0.03186730839038982,0.07941253795883542,0.21535345293140198,0.33491291600170986,7.4176409248630255e-06,0.004414550958757432,0.0010589844944118992,0.0020958385147323605,0.10735224304574842,0.18863039099808718,0.012077646635205927
"('Bregma-1', '-2271.778086_3645.402956')",0.047844327381695584,0.13729186574910054,0.008143046496267577,0.12869101987052037,0.12205638483276789,7.194573652592639e-06,0.060714466494281034,0.026261548023366717,0.07273306085845109,0.22357672634869366,0.049273667375320726,0.12340669199588225
"('Bregma-1', '-2271.778086_3745.402956')",0.0675069641817737,1.0287326303999185e-05,0.029259862769488096,0.11464685983800704,0.416268281498571,9.835665084234292e-06,0.12304966708765006,0.0302859406223174,0.0060850058564471746,0.04777777017999491,0.0764282916231049,0.0886712333512576
"('Bregma-1', '-2271.778086_3845.402956')",0.04946056999506786,8.446783356965102e-06,0.06744251156492535,0.27570347638323806,0.17479133107296696,8.102473549948115e-06,0.13276622169658184,0.006611398159926387,0.003953404846796256,0.05703033581936997,0.21297629141394436,0.019247909790276078
"('Bregma-1', '-2271.778086_3945.402956')",0.053973531698616434,0.17616233709021853,0.01732353675688296,0.33821656738366346,0.1654069515565696,9.32335326094632e-06,0.01702458313940232,0.09124618105854546,0.004311144528215282,0.014172362993194843,0.062310235323537196,0.0598432451178928
"('Bregma-1', '-2271.778086_4045.402956')",0.09139887242987314,0.016270669199043526,0.05935695026064069,0.16187050955520751,0.08950779751870844,9.243501127031071e-06,0.04460140710700587,0.03075347737716386,0.10010831445503866,0.2742614706557036,0.12260267156818541,0.009258616372302157
"('Bregma-1', '-2271.778086_4145.402956')",0.08665639854464022,0.5236047718939736,0.021007927927308247,1.715244452749809e-05,0.002052445938991845,1.705118587507945e-05,0.004025456905255553,0.05369241016860948,0.09926027738512118,0.00432639852879471,1.715245491303564e-05,0.20532255662198945
"('Bregma-1', '-2271.778086_4245.402956')",0.030431747560323984,0.24030140353725715,0.11962714890273447,1.2091564733582883e-05,1.2012718018443128e-05,1.2022613267524021e-05,0.10778223021878466,0.033693257405565814,0.05176420962533804,1.1948485645653791e-05,1.209157202595589e-05,0.4163398357963048
"('Bregma-1', '-2371.778086_2745.402956')",0.1289759553849642,0.014557406741036005,0.032071651380680875,0.15988492235260074,0.11679952405348665,0.004128299658214432,0.05600999378146034,0.01638368229330148,0.05870733527178875,0.24181466693937478,0.1656565364338997,0.005010025709192006
"('Bregma-1', '-2371.778086_2845.402956')",0.06173419216089026,0.05677043193512228,0.034087501597288274,0.12241370174992865,0.04175301179091379,0.016525466056155968,0.23279533680473508,0.03761974978728696,0.002812225850216149,0.3276542818025186,0.03844027747659399,0.027393822988350063
"('Bregma-1', '-2371.778086_2945.402956')",0.059500321921633514,0.253738414495012,0.006501091390965851,0.11880237851887629,0.10000881552004398,8.524969426286789e-06,0.017973844848028324,0.038036930753230565,0.06783643537004447,0.28400312369191066,0.04520013845582608,0.008389980065002066
"('Bregma-1', '-2371.778086_3045.402956')",0.007980217315013572,0.04049741449650535,0.006562049215074427,0.1066865243502382,0.30626125839673557,7.408318248250592e-06,0.019590205218604263,0.036495493466838856,0.021122180752377224,0.2506551297117191,0.1878843864854698,0.01625773227317537
"('Bregma-1', '-2371.778086_3145.402956')",0.05474812300791174,0.06396640675838856,0.07079246213343479,0.1287581673551324,0.353673193209022,0.0023984049360238225,8.023109225078717e-06,0.012172645932838868,0.06615042347431978,0.140542675549315,0.1051540669562481,0.0016354075781396477
"('Bregma-1', '-2371.778086_3245.402956')",0.0747616946869874,0.21132547931436788,0.012752498019126403,0.05395048310035987,0.27341039170728365,6.617025982439008e-06,0.017390518564662765,0.011821014501544441,0.004592720462140184,0.27092784172275525,0.06553000723762023,0.003530733657169484
"('Bregma-1', '-2371.778086_3345.402956')",0.0499881166295549,0.19676591124465653,0.011108271139513895,9.341984135091234e-06,0.4249830931482177,8.899714955378133e-06,0.06128796770048347,0.0067882908416414985,0.00431429732064514,0.19941484602552315,0.0123031502477574,0.033027814002915754
"('Bregma-1', '-2371.778086_3445.402956')",0.09004211384966822,0.06297514866423017,0.012135620177026822,0.03923974082001083,0.28045255284385323,9.48603267193374e-06,0.014569685230330488,0.10809517017788192,0.008062084476736482,0.11332670041012376,0.19895882666779352,0.0721328706496726
"('Bregma-1', '-2371.778086_3545.402956')",0.05158472935831132,0.14226331275064644,0.010892849013511625,0.09190640661293148,0.2515552796213518,8.654320230942865e-06,0.04386794792531228,0.040545102576894934,0.0033623758738121814,0.19201048916305402,0.1663894512570028,0.005613401526940066
"('Bregma-1', '-2371.778086_3645.402956')",0.09470487575726189,1.0798292665384326e-05,0.04572824775877237,0.22565099576103115,0.2180759536443527,1.0321197693300052e-05,0.015135155379572045,0.003707576027009866,0.0672255379111762,0.10082223358411264,0.17860625881622413,0.05032204587012821
"('Bregma-1', '-2371.778086_3745.402956')",0.06597542597755798,8.170180072730002e-06,0.12062019005916576,0.1685182436032855,0.18871980463166618,7.810689908261033e-06,0.017650194360293178,0.04234134075939232,0.07257959924641832,0.15328338706578257,0.10362775728534135,0.06666807614111578
"('Bregma-1', '-2371.778086_3845.402956')",0.03060215621206527,0.09649422681470772,0.005689263014743356,0.4062291252622053,0.12834106795992697,0.010543363729381462,0.036673780212726555,0.011856161613553778,0.07212219242672056,0.1049047544403636,0.06899310464362832,0.027550803669977197
"('Bregma-1', '-2371.778086_3945.402956')",0.051906548757713236,0.03830585902698898,1.1075212103707971e-05,0.3997515189365418,0.21108292509619062,0.003294909521110159,0.02524384640405386,0.025303382343917918,0.0012438443896120816,0.07521120851356625,0.14789784495374222,0.020747036844459193
"('Bregma-1', '-2371.778086_4045.402956')",0.11181185355153846,0.12235510919909907,0.006396025950232529,0.16272447208260488,0.09156399271464219,1.0947564715634723e-05,0.022104629000896547,0.004139019661328569,0.07365305076452602,0.10402621077367508,0.19624484578379786,0.10496984295294325
"('Bregma-1', '-2371.778086_4145.402956')",0.13272422098920708,0.1948154968780698,0.08546148750239199,0.05055779325901006,0.00989551490280151,1.548455563697485e-05,0.0900222540499956,1.6267241579360972e-05,0.0032257905012312094,1.5389589960989916e-05,0.1206396181558773,0.31261068237423817
"('Bregma-1', '-2371.778086_4245.402956')",0.002114528276881459,0.15957365459256823,0.09793115900423556,9.444915740666195e-06,0.0037650651788811744,9.391152457342573e-06,0.033969082005447314,0.05474155265791019,0.019025744358997034,9.333142951785018e-06,9.444921437796476e-06,0.6288415997924914
"('Bregma-1', '-2471.778086_2745.402956')",0.04486848853091899,8.742556239692537e-05,0.05470493757853205,0.06769046239563753,0.16928488646041603,0.10594286838589954,0.0847484181715912,0.15489277487817318,8.641177076757594e-05,0.14431868092165465,0.1732913489468347,8.329639717752615e-05
"('Bregma-1', '-2471.778086_2845.402956')",0.057647119509772866,0.13830586638368064,9.972312037914835e-06,0.10017742235414019,0.0884983424088919,9.460479637855943e-06,0.09915354913342062,0.0300732826228694,0.05014003411390979,0.3912787795127282,0.043707806096409306,0.0009983650725013718
"('Bregma-1', '-2471.778086_2945.402956')",0.0613518814817934,0.0553286226304981,0.01050597754599751,0.13621748472765605,0.29375931400949545,6.196859604195366e-06,0.008405373911241465,0.014053578574359347,0.02154857356761671,0.2606161777999189,0.11543283442206775,0.02277398446975108
"('Bregma-1', '-2471.778086_3045.402956')",0.04378188104825624,0.06528281530207376,0.014741684360310302,0.08505707035292151,0.36443246241421495,5.965559694270467e-06,0.11949560149348698,0.0012034253188366614,0.042320070842564526,0.18806787678879705,0.017978297235057675,0.05763284928378596
"('Bregma-1', '-2471.778086_3145.402956')",0.047728110051529965,0.14891317409094523,0.0013695967467739422,0.07209993991109348,0.46455331398943234,8.71606989711772e-06,0.005178918636369981,0.022215103677607016,0.057785883452528816,0.12079115074065179,0.05573986052935154,0.003616232103818859
"('Bregma-1', '-2471.778086_3245.402956')",0.06604768227418117,0.2406161259123382,5.849186619753384e-06,0.03617626680222311,0.5077697774511699,5.816120888340672e-06,0.005110314480251418,0.011900262859133325,0.02068367541782219,0.10567150368831058,5.890254601781448e-06,0.006006835552460263
"('Bregma-1', '-2471.778086_3345.402956')",0.04227537981695355,0.15576735075884923,0.006276079242415358,0.1589208799675559,0.38000263584066496,7.323796299680037e-06,0.003814934793366402,0.0007818254076938155,0.057555101664511506,0.017842129348545867,0.16771396807274833,0.009042391290395364
"('Bregma-1', '-2471.778086_3445.402956')",0.03722946576563311,0.1277045714456165,0.08718919902705033,0.18723252236943116,0.17879296306373027,8.276071972483944e-06,0.10034885992841519,0.003580011676068429,8.729304267821098e-06,0.1122540461183671,0.13669093283984063,0.02896042238960695
"('Bregma-1', '-2471.778086_3545.402956')",0.07309673581607418,0.12994986276572681,0.030893285607795393,0.22665689235654346,0.16184022358197195,6.157280675565728e-06,0.031887938774909086,0.008436109043272352,0.0036307068740093337,0.09824557711243759,0.22863001294982893,0.006726497836755297
"('Bregma-1', '-2471.778086_3645.402956')",0.08849289331657029,7.912510303575739e-06,0.0871936795716037,0.3080969661204539,0.12424641640296816,7.561585555531141e-06,0.10349822451443799,0.03594045161492239,0.014294604696973332,0.051514934961294924,0.14498568480209503,0.04172066990282127
"('Bregma-1', '-2471.778086_3745.402956')",0.058855522355459475,0.05335987381816559,0.004852213071520129,0.33267350332264595,0.144013929542569,8.617702682569995e-06,0.007147666430554008,0.04448145567189286,0.0031569985461546513,0.12033774485926696,0.20039695851039635,0.03071551616869234
"('Bregma-1', '-2471.778086_3845.402956')",0.04901474430347656,0.0030506002653279633,0.012529187219628595,0.39120369727841303,0.14675783384233348,0.03733970543742665,0.09984388452075742,0.014222019009665875,0.0326933826426969,0.050399275179972475,0.15804838577602204,0.004897284524278942
"('Bregma-1', '-2471.778086_3945.402956')",0.12580889813239873,7.94471652748198e-06,0.00715353031852749,0.35148603658341326,0.2192298728863891,8.133940685433806e-06,0.013675034312464945,0.06771249087041746,0.08273381806527852,0.0017600933464084869,0.07916782022952672,0.05125632659796228
"('Bregma-1', '-2471.778086_4045.402956')",0.189383808793632,0.02278798831668674,0.04001218276443955,0.09962313127156042,6.598870385536705e-05,0.016745042671076425,0.3812466115551861,0.08086711081939507,0.03319641915223405,0.01958881503811485,0.07352059050055318,0.04296231041326637
"('Bregma-1', '-2471.778086_4145.402956')",0.07354289456767966,1.3022655097530892e-05,1.3649306668034883e-05,0.12041717469901954,0.0700057804341545,0.012860922942861792,0.26037047053189416,0.08903051084026123,0.007203677400105103,0.04233595017609682,0.19250457734890594,0.13170136909725572
"('Bregma-1', '-2471.778086_4245.402956')",0.09830241408257935,0.12088909233556702,0.03127447771505037,0.023301489202233672,0.021528941344577605,1.7916305243932113e-05,0.09175568078545189,0.00020475595589448896,0.1564605692999559,0.020009337800051333,0.014501096317558072,0.42175422885583647
"('Bregma-1', '-2571.778086_2745.402956')",4.486508516481932e-05,4.5616525424982384e-05,0.02566817012848437,0.17861574514312906,0.378249669189139,0.004863321224481318,4.397889240562155e-05,0.03708575928346287,4.508755719405146e-05,0.2286806786842642,0.1362920500698836,0.01036505821696596
"('Bregma-1', '-2571.778086_2845.402956')",0.04094907795448483,0.0007627857581938601,0.013099997596117107,0.14049554599483927,0.2907910705307069,6.513543612191674e-06,0.07212231207384079,0.02059468333108364,0.07096483870313852,0.22447191925456275,0.08041129965245346,0.04532995560696675
"('Bregma-1', '-2571.778086_2945.402956')",0.019711658740995584,0.0900382007609432,1.0079085414218504e-05,0.07517440810161384,0.4623652618448889,0.016813707746209782,0.0700671479852986,0.00904281812254923,0.005887590114327986,0.20202438705808187,0.027621917406242123,0.02124282303343444
"('Bregma-1', '-2571.778086_3045.402956')",0.05813884303910615,0.10202737949023048,4.553748071029985e-06,0.06677898330900593,0.560049014223641,4.571125325380631e-06,0.03801593464054869,0.026275604178459484,0.004557278981657871,0.1281565845232252,0.009878249159195378,0.006113003581533627
"('Bregma-1', '-2571.778086_3145.402956')",0.01205505288769426,0.17800385053276843,0.0029752359587233157,0.0093885221047902,0.5220693630923725,0.0012180983420421161,0.04894796884297021,0.01884482735988016,6.58244841161355e-06,0.090402277182819,0.07875289017547052,0.03733533107205769
"('Bregma-1', '-2571.778086_3245.402956')",0.004632680194801998,0.06026338042533941,0.02031508845103928,0.11496344012647729,0.5414511979457005,5.147132820814932e-06,0.006054097465467636,0.0020122823208824866,0.06776842499871767,0.11980230199920021,0.05736492425446475,0.005367034685087709
"('Bregma-1', '-2571.778086_3345.402956')",0.04370891996964701,0.10297261615858837,0.01894926479183435,0.04872950975841044,0.45117252107975964,0.0025302666460113228,0.07878607714664032,0.06032760248564317,0.0016195735310106677,0.12109309106628349,0.06338154689839016,0.006729010467780936
"('Bregma-1', '-2571.778086_3445.402956')",0.0490158439015113,0.10979822289016819,0.05052898456203204,0.057696048507456375,0.25977983589714587,0.004546858270059976,0.14105129363722382,0.003464173227977336,0.010591284094374792,0.12152883530293417,0.15522559566951905,0.03677302403959715
"('Bregma-1', '-2571.778086_3545.402956')",0.10607340917556321,0.0803019022568898,0.021968836559341655,0.1079488621052365,0.1440594452330214,7.802848900750778e-06,0.04939768329689356,0.06177347633570141,0.005427860422435071,0.23135856274701053,0.17945078298249162,0.012231376036514592
"('Bregma-1', '-2571.778086_3645.402956')",0.0757207761903437,0.05490496039229089,0.022169600858406247,0.386763547674002,0.10112029287202808,7.115881634017405e-06,0.08851242039365209,0.07758767686181442,0.0027907906573252377,0.017473311086440325,0.16022887623028434,0.012720630901778428
"('Bregma-1', '-2571.778086_3745.402956')",0.029933733303432745,0.04919702570597375,0.007180784656677562,0.43839706380153454,0.1604717654676112,8.336493084891468e-06,0.09632002557586852,0.019746018823057095,0.10603962609695175,0.01074265577331008,0.0660962808151231,0.015866683487374706
"('Bregma-1', '-2571.778086_3845.402956')",0.07081067366864097,0.052987894389746944,0.004969659258440623,0.4370044167004928,0.12253303482996686,0.003880787904725312,0.03990555837792812,0.07800762891775725,0.034095273807039354,0.0027284459209349302,0.14964511077120465,0.0034315154531223435
"('Bregma-1', '-2571.778086_3945.402956')",0.044352811361306,1.211322238745895e-05,1.2838395102546317e-05,0.315159083251217,0.11212090366965857,0.023777253096593003,0.18462776656348778,0.06739828223978857,0.06499790686542309,0.0418354066188819,0.1399160056306094,0.005789629085544617
"('Bregma-1', '-2571.778086_4045.402956')",0.05281644392710084,1.2272123388839745e-05,0.03244779247702894,0.03495456652904117,1.1634611302849351e-05,1.1832564771954558e-05,0.002176510001113449,0.00032856385336462737,0.21956102703507735,0.011829717855169383,0.0158639622253051,0.6299856767973354
"('Bregma-1', '-2571.778086_4145.402956')",0.1804447131410318,1.658260928049206e-05,0.03117866001719745,0.12101329122635325,0.04870664025936694,1.5923339836383738e-05,0.061615879654091016,0.0018268762147909516,0.010514922346279959,1.5865647941420832e-05,0.18652198966649544,0.35812865587733494
"('Bregma-1', '-2571.778086_4245.402956')",0.04335495748161004,0.28654271644645357,0.007485201175954261,7.427207433402264e-05,0.06353103423113608,0.008931876776434302,2.6916246270661285e-05,0.00022745298250646378,2.8942914773673513e-05,0.08383111917187211,0.11616947467253275,0.3897960358261221
"('Bregma-1', '-2671.778086_2745.402956')",0.17182759158961253,0.015857893260276524,0.012563557437669617,3.1246823763611786e-05,0.13048851631451566,0.011243624557388693,3.062415217862504e-05,0.2370975932722885,0.02846535754851905,0.21939485865957165,0.13940249942112648,0.03359663696308918
"('Bregma-1', '-2671.778086_2845.402956')",0.5053622868762756,0.07410150685543837,6.812996776650515e-06,0.013160809710856983,0.08589266963069675,0.007346047921499665,0.02546429319282837,0.0029735658886367515,0.04461241042472065,0.14959096676439446,0.015580405725542278,0.07590822401233346
"('Bregma-1', '-2671.778086_2945.402956')",0.6861348822165583,0.03550458147252715,7.41016166628313e-06,7.313786656922766e-06,0.07305568247707805,0.006904716350769926,0.05190874994876592,7.070096881085573e-05,7.508899705485059e-06,0.06480183684607417,7.393681456337585e-06,0.08158922318993075
"('Bregma-1', '-2671.778086_3045.402956')",0.48664636784243565,0.0682960243793051,7.370774925549514e-06,0.030551113617651615,0.31981553824170306,0.0030268478271036113,0.05367851278369624,0.004346290037403362,0.0020609008620520483,0.024142884707885195,2.5648013629952018e-05,0.007402500912208581
"('Bregma-1', '-2671.778086_3145.402956')",0.725633996025165,0.016549499092016175,0.008207983654131308,8.899478092971312e-06,0.1761502891226315,8.83238255040858e-06,0.013489093529919118,0.05230835706205195,8.806662186604366e-06,9.123845933914457e-06,4.243572000147394e-05,0.007582683425319684
"('Bregma-1', '-2671.778086_3245.402956')",0.44004174506731086,0.08039111903496869,0.002071699533959721,0.027669284237973983,0.11859678098240989,0.16664009447947775,0.022515923167914207,0.004773463251105752,0.0698951131876627,0.02200137413664449,0.04539347639923904,9.926521333186445e-06
"('Bregma-1', '-2671.778086_3345.402956')",0.5378589868371485,0.04932087156334657,0.007162583347864249,0.031202649512510987,0.2660860767125846,0.007461291376392189,0.0069248636724526125,0.014159846199063492,1.0208488108367087e-05,0.01754328560548721,0.04700369626193869,0.015265640423102574
"('Bregma-1', '-2671.778086_3445.402956')",0.44835958100288426,0.058889063809172214,5.4423681218684405e-06,0.07813360228357882,0.2441200874150298,5.364284450477091e-06,0.015418206993804884,0.04523373453178248,0.010523153911407594,0.015896518033375846,0.048476551230937984,0.034938694135453745
"('Bregma-1', '-2671.778086_3545.402956')",0.4606229566567748,0.07278016826042599,0.018126534974561487,0.030047425613479874,0.21485571932874675,8.529527189169954e-06,0.008921361175848897,0.015080326806017577,0.003470598717427036,0.10069832334397875,0.06578670303401048,0.009601352561539458
"('Bregma-1', '-2671.778086_3645.402956')",0.508313661948437,0.012426359690389067,0.014619927082490462,0.12068810537936749,0.13762723885751496,0.002671390233704761,0.03905323060392345,0.013187623097109564,9.441156126903899e-06,0.07328365954947295,0.07107860231586927,0.007040760085594153
"('Bregma-1', '-2671.778086_3745.402956')",0.42690303156589554,0.010549142524724317,0.02685919694212747,0.1101200608467208,0.2285031910667965,0.002242937393363489,0.02501965959179677,0.013453522222212844,0.005385408516344917,0.0448497274143844,0.09186750745101299,0.014246614464619993
"('Bregma-1', '-2671.778086_3845.402956')",0.49515670626777114,0.04031786604974391,0.019103999212353086,0.04857543614194287,0.06319296443267998,0.008802440680969355,0.07251956118539138,0.0052714841494572754,0.0030664960912972303,0.20038003531930262,0.03474921122951128,0.008863799239579794
"('Bregma-1', '-2671.778086_3945.402956')",0.34752210786658416,0.055955806203670466,0.05637437785020212,0.05760499552170001,0.06173530293875373,0.008985910892636846,0.0642154284973958,0.05075616602579989,0.022566915085081348,0.031384240969959405,0.009178350054962472,0.2337203980932538
"('Bregma-1', '-2671.778086_4045.402956')",0.19588399668951179,0.011603733460062354,1.2704057569840722e-05,1.0999563553616775e-05,1.1342412313989135e-05,1.1533601693442372e-05,1.144034347421269e-05,0.0073372288607231,0.022684339059425365,0.0029815841654185367,1.1259582862420162e-05,0.7594398382033913
"('Bregma-1', '-2671.778086_4145.402956')",0.19324802880436537,0.005400127139027441,1.1797546354062194e-05,1.0215183316590555e-05,0.0015118458034354212,0.0012353951790637543,1.0624645529217347e-05,0.004700805764404894,0.030513697823138078,0.004658452690968847,0.005216366921031815,0.7534826424993645
"('Bregma-1', '-2671.778086_4245.402956')",0.8082141246817771,0.014597396157018617,1.8927360432567947e-05,1.639553863426973e-05,0.009017931534771683,0.01261691113148477,0.007331681634195641,0.006882429234245573,0.11001783868469893,0.0006628578688899094,0.016147652341898897,0.014475853831951855
"('Bregma-1', '-2771.778086_2745.402956')",0.23594264719146096,0.05070376572615205,0.028470676418156277,0.02149619541004671,0.2252055891930886,0.023252927652700397,0.014594034712196122,0.016959692178937117,0.013195060665394227,0.356034364513514,1.2269247834086207e-05,0.014132777090519563
"('Bregma-1', '-2771.778086_2845.402956')",0.6550088253200405,0.03466524343978811,0.013482647094739513,0.005368055160840525,0.04647302389933675,0.020886783251237433,0.017084710760111553,0.005841265591929346,8.57488993563052e-06,0.17301371931029866,8.212163961041256e-06,0.028158939117781057
"('Bregma-1', '-2771.778086_2945.402956')",0.7601475976160104,0.01919569439682098,0.004564263787176083,4.939151267730305e-06,0.03729398919930221,0.058647192756614584,0.02219378372892089,0.008074463427914678,0.0136719408220542,0.05614956430570359,0.0022899464616946965,0.017766624346519787
"('Bregma-1', '-2771.778086_3045.402956')",0.48458799350294585,0.06993655061094725,0.0015384303556529766,0.0006935482569619946,0.3513768421965772,2.417174438525863e-05,0.024310781467153167,0.016107097248543967,0.001308333894534956,0.038720083184447536,6.1170408952690395e-06,0.011390050496954601
"('Bregma-1', '-2771.778086_3145.402956')",0.2687773345723025,0.08436376045846895,0.014024101858840458,7.536412280882391e-06,0.4957956110282402,0.010668046227528883,0.03418701397622885,0.020983045804450703,0.05190976086681471,0.015524955564364963,3.59633928895085e-05,0.0037228698375895127
"('Bregma-1', '-2771.778086_3245.402956')",0.23652707463932654,0.04605087384114728,0.01586854304873403,6.495144206691987e-06,0.586919115352835,0.0032388880332668026,0.007135651210061526,0.0564738454144487,0.0048211095746909455,0.015087382832880808,0.019907569850179968,0.007963451058221611
"('Bregma-1', '-2771.778086_3345.402956')",0.42133932259502943,0.018818681189894163,0.007599986890959328,0.07193149354495629,0.2833156418375616,0.046274964916164965,0.056574811832319584,0.006480122616218503,7.169529385982456e-06,0.033959176278071476,0.04779562490242851,0.0059030038670102435
"('Bregma-1', '-2771.778086_3445.402956')",0.2619989422531175,0.04085120201936032,0.019981885003651872,0.04410394444067939,0.45675101551589414,8.402683926596922e-06,0.037039617312824416,0.01397598883660241,0.00259731126515555,2.1998283251855092e-05,0.11756293060394629,0.005106761781589457
"('Bregma-1', '-2771.778086_3545.402956')",0.5112432080245701,0.03730321784197295,0.01632425288089538,0.06832055691560115,0.260328304583786,0.003645396184109877,0.004676630444449063,0.030656046638612315,8.836221345708086e-06,0.011853855126188827,0.04180535209565744,0.013834343042811288
"('Bregma-1', '-2771.778086_3645.402956')",0.481042293286684,0.0014039238377598921,0.01873781058527118,0.10665265474657842,0.19764790410330704,6.690842424213965e-06,0.02135231548000416,0.10853056550889617,6.598604408064563e-06,0.006297403776230847,0.051244968606959665,0.007076870621476256
