,Topic-0,Topic-1,Topic-2,Topic-3,Topic-4,Topic-5,Topic-6,Topic-7,Topic-8,Topic-9,Topic-10,Topic-11
"('Sample_1', 'ACAACTATGGGTTGGCGG')",0.2547930066125982,0.4545827866938567,0.045358166097542806,0.005690240371738757,0.010051145867104429,8.131699269672515e-05,7.4326426344848e-05,0.0001439523774296732,0.09220166635257106,7.4326426344848e-05,0.06448230533750109,0.07246676044427094
"('Sample_1', 'ACACAGATCCTGTTCTGA')",0.0949140109940167,0.21774297717771993,0.548508910247601,0.03984393460486079,0.008293105224275314,0.010698488873447045,4.814401264045862e-05,5.424039754104112e-05,0.003629051885859226,4.814401264045862e-05,0.03741587469366757,0.038803117875730556
"('Sample_1', 'ACATCACCTGCGCGCTCT')",0.021932668153719446,0.5983731135461077,0.01801590583012067,1.4953084941732793e-05,1.443850223316352e-05,0.19680854487850924,1.4993961829151954e-05,0.09602003306871121,0.004964365220683759,1.4993961829151954e-05,0.009060082510946163,0.054765907280368634
"('Sample_1', 'ACATTTAAGGCGCATGAT')",0.03186221088193496,0.5342125785913858,0.021711328907846248,2.8711310673002257e-05,0.0039056867527366545,0.05501944501284292,1.7791448796110514e-05,0.26859438816780545,0.012804758642494222,1.7791448796110514e-05,0.0007905821440538177,0.07103472669063493
"('Sample_1', 'ACCACTGTAATCTCCCAT')",0.2609852434099628,0.3096360329055635,0.045246452806611485,6.818000986920253e-05,0.005678055940662375,0.09600147383537384,5.1658815989640466e-05,7.216380859423541e-05,0.08338757043234976,5.1658815989640466e-05,0.14112363201058653,0.05769787720844684
"('Sample_1', 'ACCAGAGCCGTTGAGCAA')",0.1104269719025027,0.4464478397021339,0.3107988152875818,0.00728414131446311,0.019859552773221382,8.257503472840773e-05,7.735526023295611e-05,9.296308824081576e-05,8.385448022442936e-05,7.735526023295611e-05,8.009334462031772e-05,0.10468848255181697
"('Sample_1', 'ACCCGGCGTAACTAGATA')",0.0554605909566883,0.5169824161390699,0.02245682241129681,2.1140229594659583e-05,2.079780488064671e-05,0.126657249177862,2.133617342901567e-05,0.17870649572267758,2.0408426293678975e-05,2.133617342901567e-05,2.032840305046265e-05,0.09961107838172774
"('Sample_1', 'ACCGGAGTAAATTAGCGG')",0.21845738055917,0.37925840506061936,0.13209022277182275,7.709801364748923e-05,0.016319362363379185,0.028642204865430506,6.936093026601334e-05,0.0886717214342037,0.038219991763223826,6.936093026601334e-05,0.006875123836971184,0.091249767471
"('Sample_1', 'ACCTGACAGCGGAAACTT')",0.10408984238901516,0.36846299215651385,0.4831266589914456,5.22096252610105e-05,0.023333072913800913,5.4666949650290366e-05,5.11737733027695e-05,6.151155091584848e-05,5.2604885344215156e-05,5.11737733027695e-05,5.2982103915843245e-05,0.020611110887531727
"('Sample_1', 'ACGGAAATCAGTGGTATT')",0.051585276389494436,0.7398208203248201,0.030651563130521354,2.2368128164054097e-05,0.003111001611499475,0.03556642595144915,2.27219508658715e-05,3.1730050814076115e-05,0.056215133341318904,2.27219508658715e-05,0.025333557438659265,0.05761667973152731
"('Sample_1', 'ACGGCCTCGGATTATGAA')",0.045437275459794924,0.6393369317048411,0.019035385156384897,2.4983011497240756e-05,0.005639061361765469,0.15738100057732365,2.5213162518604332e-05,0.11928092862075935,2.4115737775601183e-05,2.5213162518604332e-05,2.4021167131979344e-05,0.01376587087768856
"('Sample_1', 'ACGTAAGCGGACGCATGA')",0.24068727053968247,0.43164249324715576,0.06670609594931669,0.04730126529194014,6.060717596483175e-05,6.477919179712428e-05,6.027615792688391e-05,7.670958620689889e-05,0.06941326519094014,6.027615792688391e-05,0.13699854187368016,0.006928419637461969
"('Sample_1', 'ACGTAAGGTGATGCGACG')",0.14420122042236921,0.5443465982648285,0.0758188055620975,6.803960356643382e-05,0.010446522383170079,0.021879161604757214,5.1544940955576e-05,7.199099458038076e-05,0.12688696091714402,5.1544940955576e-05,0.061153549023023314,0.015024061342552178
"('Sample_1', 'ACGTCGTTATGTGTTACC')",0.19537959306210426,0.49807707085424296,0.02523267380204914,3.065292182748484e-05,3.076075221943467e-05,0.004632289948619392,3.0383103139240807e-05,3.652162864577374e-05,0.21448926971401844,3.0383103139240807e-05,0.028807444920506197,0.03322295618948853
"('Sample_1', 'ACTAGTGAATCGCGACAA')",0.31916157911040055,0.41887819507200885,0.060134045399988456,0.02771355851506792,0.00032035676692050285,0.03015595275638521,5.3764886771238046e-05,6.463178621959457e-05,0.04884599395096257,5.3764886771238046e-05,0.04644935312007783,0.04816880374842596
"('Sample_1', 'ACTCGCTCGGTACCATTG')",0.20472404952044387,0.3244865501599102,0.05265166426184528,0.02146281232868967,0.0022011710261763216,0.1762386757509772,6.5453013018163e-05,7.375465135482217e-05,0.07893248755270472,6.5453013018163e-05,0.08308606717615992,0.05601186154570177
"('Sample_1', 'ACTGTTTGAACTAGTCGC')",0.02416820292310315,0.5878930824197975,0.0193732561889148,2.016073410313579e-05,0.003975680802250571,0.10126765966847895,2.033480384064924e-05,0.14985324072453154,0.009125571927197923,2.033480384064924e-05,0.004802558577611029,0.09947991642632988
"('Sample_1', 'AGAAGACCGGAATAGCCT')",0.13263631379746438,0.49107275938674777,0.21284645322861517,0.00012144157941554971,0.019944730157341075,0.00012034528726518763,0.00011080487224198318,0.00021590812738915902,0.020781633988327646,0.00011080487224198318,0.018940655740051927,0.1030981489628981
"('Sample_1', 'AGACTTGCGATATACTAT')",0.19027828291746174,0.5519381233561086,0.10698503100201408,5.133657615020501e-05,0.011931442528892494,0.0032152444193384094,5.095597563436582e-05,0.00022736433316258614,5.302541814714052e-05,5.095597563436582e-05,8.118385049625444e-05,0.13513705364695974
"('Sample_1', 'AGCAACTGTGCGACCATC')",0.16460314722396135,0.4362087333313536,0.2865894420958298,6.431848778603844e-05,0.022402307620694006,0.0013268382756639716,5.786431885902694e-05,6.961480512287516e-05,5.946287009039976e-05,5.786431885902694e-05,6.232910727845155e-05,0.08849807754450155
"('Sample_1', 'AGCCACCGTTAGTGTTTG')",0.25427162835574,0.49079228726847496,0.13218357420382812,0.00011380076394592056,0.017918388796293965,0.00011516107981386768,0.0001033917826131786,0.00012426643922954368,0.00011078259888279328,0.0001033917826131786,0.00012030235834660365,0.10404302457021794
"('Sample_1', 'AGCCCGCGTTTAAGACTG')",0.21790658792968085,0.3964470047647969,0.07908603827535805,8.772871394685541e-05,0.002565422878566423,7.246806424581468e-05,6.64752353102504e-05,0.00018185015365580388,0.0946749895134024,6.64752353102504e-05,0.0702304909295421,0.13861446830618432
"('Sample_1', 'AGCCTGAACAGCGCTAGC')",0.2661783554008039,0.4721152703961519,0.05787885803437067,0.03509307942381141,0.02199957315295794,7.76550540485192e-05,7.295388595440139e-05,8.771629807635335e-05,0.06562029467733592,7.295388595440139e-05,0.04983052662090591,0.0309727631696287
"('Sample_1', 'AGCTAGATGTTCCGAGCG')",0.0591094703441745,0.34966262031765516,0.024154597103060726,0.002600202044132922,2.2728455380465236e-05,0.0308267515209746,2.3579010802327934e-05,0.09954128143547841,0.006747269360838589,2.3579010802327934e-05,0.01119880517252701,0.416089116224173
"('Sample_1', 'AGGACCGTATAGAGCCTA')",0.02764431262156686,0.8144629906042635,0.01095497923120861,2.30521195599924e-05,2.337650612032693e-05,0.12355916564397004,2.3652248335126446e-05,0.0065084345388915785,2.265530046532973e-05,2.3652248335126446e-05,2.2903828317970252e-05,0.016730825108965376
"('Sample_1', 'AGGGACGTTAGTGTGCCA')",0.09473140284917124,0.465240066764765,0.038207464196501284,0.006682772704176362,0.017546191273006235,0.11737112611232496,5.507812367814774e-05,6.621699151277873e-05,0.15519031702721006,5.507812367814774e-05,0.06527032097117595,0.03958396486279968
"('Sample_1', 'AGGTATGATTACTCGCCT')",0.042622410806921786,0.4038013036783343,0.02713428104394007,0.0053909252099400475,0.005537975708103441,0.0843774235404412,2.349081011902848e-05,0.2022372196608384,0.010161043666566758,2.349081011902848e-05,0.011057703330029514,0.20763273173464641
"('Sample_1', 'AGTCAATATTACGGTATA')",0.20579893446793354,0.42276219299462076,0.07181021753581196,0.008707818433342925,0.020011533888306104,0.05236326951047768,6.213081838496105e-05,7.888822793690766e-05,0.011359024022809064,6.213081838496105e-05,0.12627649940948435,0.08070735987250686
"('Sample_1', 'AGTTCCCGCATAGTGCCG')",6.890245484476672e-05,0.22495193348269138,0.6905513063334813,6.533248490464605e-05,0.012962934738126014,6.49417726677762e-05,6.0257563638464605e-05,6.788671304674026e-05,0.04710704815472673,6.0257563638464605e-05,0.02392021148225164,0.00011898725598205916
"('Sample_1', 'ATAAAGCAATGGCCGTAC')",0.014621837270392493,0.3967864949449401,0.02340305034570078,3.4813572240701744e-05,0.008328973454892839,0.05160154139276041,3.511738982453716e-05,0.1662763032359782,0.02469282022506638,3.511738982453716e-05,0.012850432589860133,0.301333498188519
"('Sample_1', 'ATAAGTGCGTGAGCTGGA')",0.020433930896891453,0.8427202604255681,0.022465345361277127,3.4245960371863674e-05,0.003354797796106674,0.07453016316882692,2.884223606312575e-05,3.250704245670282e-05,0.0107705929911395,2.884223606312575e-05,0.019754441041038417,0.0058460308441971795
"('Sample_1', 'ATACGTATCCATGGAAAT')",0.021418837548691692,0.4983270737217323,0.020025104615460625,0.023165379321819207,0.0037134006498288383,0.15880269939043454,2.1558980433953505e-05,0.17689292665755874,0.007057739333445615,2.1558980433953505e-05,0.03645322303786859,0.05410049776229196
"('Sample_1', 'ATAGGTTGTATGAGACGA')",0.16877376899495433,0.38577075847838455,0.21547495914170536,0.08361507349964654,0.0079779656952799,7.576584051818312e-05,7.018689903137533e-05,9.799715514818034e-05,0.03236455706941489,7.018689903137533e-05,0.02808649433855893,0.07762228598832635
"('Sample_1', 'ATATCGAAGTTTGGGTTT')",0.1376122235322537,0.4255383324618941,0.2462882959276588,0.011569799530097041,0.04215412288873677,7.245385088399315e-05,6.622522157953263e-05,0.00012826273898278105,0.025251719664236855,6.622522157953263e-05,0.024786347725645575,0.08646599123645134
"('Sample_1', 'ATATGGGTGTAACAAGAA')",0.15551596617858887,0.4891116616431436,0.06305872674079471,0.025049541206197762,0.004214467393039236,0.015114798660299439,6.58056896296116e-05,7.413853879576022e-05,0.024070312270471544,6.58056896296116e-05,0.15229618079593438,0.0713625951934755
"('Sample_1', 'ATCCCAGGACTTAGTTCC')",0.10493449490272655,0.40973256433514316,0.06869106349383146,0.025288095144155812,0.022434214222007687,0.03070963597314584,6.423651029268192e-05,7.725231289839697e-05,0.013246314522365653,6.423651029268192e-05,0.20732488359430318,0.11743300847883698
"('Sample_1', 'ATCCCGTGATCGCACCAT')",0.12314603296190482,0.44551304908580697,0.05737766089199434,0.01953849631672508,0.014997939639793291,0.08236534162874706,5.652009800018524e-05,7.194010324032004e-05,0.06817558685593161,5.652009800018524e-05,0.09884463089638443,0.08985628142347196
"('Sample_1', 'ATCCGTAACATCTTATCA')",0.0729858187402138,0.2934928846351116,0.5232858670348578,4.585968081678062e-05,0.02157986606191412,0.0002813323676946092,3.474710063487261e-05,4.8539315239131535e-05,0.008891735379707812,3.474710063487261e-05,0.01161143724764813,0.06770716533552631
"('Sample_1', 'ATGAATGACGGAGGTACT')",0.17975488733573547,0.4643460883655191,0.06357365984189843,0.05395552413263495,0.07765154519913396,4.6772899014214824e-05,4.3816266967056604e-05,0.013260462328611508,0.04553137878916614,4.3816266967056604e-05,0.008352266477931882,0.09343978209642022
"('Sample_1', 'ATGAATTTAGCGCCCGCT')",0.42327953527425943,0.41232070893758094,0.04746143135205597,0.0028538808915643337,4.267744856632113e-05,0.03420250014631897,4.3782189923075505e-05,0.002891621787396887,0.018127962374422588,4.3782189923075505e-05,4.171422802737179e-05,0.058690403179960715
"('Sample_1', 'ATGAGGCCGCGACATTCG')",0.09671383359147147,0.5934393007667003,0.010673224539408475,2.820217626342484e-05,0.001187674013004179,0.0341964882970437,2.537197903126457e-05,3.050622968588878e-05,0.18300391836918928,2.537197903126457e-05,0.04294893450092348,0.037727173558247416
"('Sample_1', 'ATGCGTACCGCGATCTAT')",0.04021737124478629,0.4760184064569996,0.025890640005226943,2.424025581891599e-05,0.0035516867703603095,0.10939716435775414,2.3759323283973234e-05,0.25022421611072687,0.005075693866970163,2.3759323283973234e-05,0.005477444471205643,0.08407561781358314
"('Sample_1', 'ATGGGCTGAATGTCACAC')",0.05800561902448678,0.38808827366827603,0.028161274542673084,2.0829735854074716e-05,0.006974985175644144,0.05392756545460951,2.1159223935174835e-05,0.22027498524016884,0.0026127507327583697,2.1159223935174835e-05,0.005748129238079331,0.2361432687395793
"('Sample_1', 'ATGTGTTGGGAATCCCAG')",0.04871579511946689,0.42930030438293326,0.02604784679508963,2.494419637287985e-05,0.00024926156031487634,0.13191192003568286,2.5173990012329563e-05,0.19594768955788366,2.4078270282295408e-05,2.5173990012329563e-05,2.3983846576395395e-05,0.1677038282553726
"('Sample_1', 'ATGTTCTGCGAATTCGGG')",0.0841652133456268,0.4273325910683741,0.015496323442773834,0.03315590177681643,0.008273375425697624,0.16834998274288523,2.5931946822582068e-05,3.3001920144691315e-05,0.23622539956967856,2.5931946822582068e-05,0.01655360050807421,0.01036274630628313
"('Sample_1', 'ATTAAGTAGCGCACGTTT')",0.111231026100228,0.3435685804304423,0.43428857999825266,0.049910314853315,0.015539807191330383,0.0008481300592282597,4.5640774092637385e-05,0.007425254437184096,0.015509458362830582,4.5640774092637385e-05,0.006108228969856027,0.015479338049147464
"('Sample_1', 'ATTAATACGCTCGCGGAC')",0.037464620654088815,0.5234840379547971,0.024556146242701072,3.104095841180541e-05,0.0026907788853421807,0.0007112030849253787,3.0767723788379293e-05,0.2816662235572256,0.017543770480341305,3.0767723788379293e-05,0.018270434795438117,0.09352020793915189
"('Sample_1', 'ATTACTGGTTGTCAGCAG')",0.08245237376268603,0.2991312367558341,0.4841731944289247,0.00761776677983737,0.027701410442013998,0.00011654684451476712,0.00010704530370396188,0.0001286811799951848,0.006907647688687345,0.00010704530370396188,0.05710302855742757,0.03445402295267103
"('Sample_1', 'ATTAGCTCGTAGTTAGAA')",0.08054256412199715,0.27643326731386153,0.46232142121062714,0.002692228352961693,0.02472172264967392,0.0037704646302341677,6.475546187439145e-05,7.296862775573778e-05,0.007770566312430863,6.475546187439145e-05,0.05652507083927781,0.08502021501743123
"('Sample_1', 'ATTCGGCGCGATCCAGAG')",0.15430699819164848,0.48063936356575326,0.15298423061258265,0.023607175207751463,0.0571229753083485,0.047487814629636776,7.45141021198431e-05,0.00022196094969419378,0.010185269749695991,7.45141021198431e-05,0.009180326680976934,0.06411485689967197
"('Sample_1', 'CAAACTGGGTAGTCAATG')",0.5335839692981847,0.18624149166336748,0.03647033757490934,3.677494515341982e-05,0.0023720848545337072,0.12079672677126863,3.355393760938898e-05,6.538123972374991e-05,0.05927386446351972,3.355393760938898e-05,0.0265826673586017,0.03450959395551876
"('Sample_1', 'CAACATCGACCCTATTCC')",0.026485355545067833,0.8084832420757256,0.01173149565675275,1.275655013135703e-05,0.001431965236422382,0.05758042868353687,1.2661975297777961e-05,0.06377894452688125,1.3176208006526954e-05,1.2661975297777961e-05,2.0173221849148544e-05,0.030437138345030593
"('Sample_1', 'CAACCTCGAACGGGAGTC')",0.1392531243520831,0.31882586394027435,0.2945436450647959,0.04904364807525788,0.15446535499389655,0.0005229680238194581,5.12183445030726e-05,6.161923493287533e-05,5.2633295088405075e-05,5.12183445030726e-05,5.517033272320014e-05,0.043073535998122144
"('Sample_1', 'CAACTTTGCGATATAATA')",0.02820130550343906,0.7501685464007793,0.006944557557821567,1.61490164374752e-05,0.00118948696389968,0.048765037327866016,1.4671918436743003e-05,0.1211564438227662,1.5720719890168722e-05,1.4671918436743003e-05,0.0039030883504138076,0.03961032049981322
"('Sample_1', 'CAAGGCTAGACCGCGTCC')",0.09143076782165704,0.2839013111539453,0.5031738576835354,0.00012426338845488498,0.005404973704838894,0.00010264737604856488,9.415883445106504e-05,0.0002575048574020138,0.02412542948562075,9.415883445106504e-05,0.045614166290115006,0.045676760569479974
"('Sample_1', 'CAATGCCTCGACCGAGCG')",0.07406338819079142,0.6407040838258896,0.015838746145754572,0.0028907050028941284,0.004651297021418057,0.023364752419109125,2.5365479245964062e-05,3.0498251157548608e-05,0.1768691381615542,2.5365479245964062e-05,0.019409718916005084,0.04212694110693436
"('Sample_1', 'CACCGCGCTTGACGGATT')",0.13884383522872645,0.48332436068574897,0.04236952683291295,0.0002942216077051955,4.6506986881035766e-05,0.06200422220018208,4.824739412565255e-05,0.0001226062068129377,0.14597456727373284,4.824739412565255e-05,0.07122756246601283,0.05569609572303346
"('Sample_1', 'CACGGGTAGTGAAATCTA')",0.24768514148106008,0.43870151220486936,0.09945623613038355,0.014526419560443494,4.64107203305809e-05,0.07557762468340543,4.6958167185957386e-05,5.292704342322879e-05,4.497886931146386e-05,4.6958167185957386e-05,4.5472285929611965e-05,0.12376936068647124
"('Sample_1', 'CACTATTCGGGAGTACGC')",0.10832117027506176,0.3896187845338063,0.3092929923054842,0.0027782228953307678,0.04053456418599343,0.03358437111683464,8.148641861424633e-05,9.79660351711723e-05,0.008953869417340339,8.148641861424633e-05,0.02041784992843404,0.08623723646931472
"('Sample_1', 'CAGCACATGATGTTCTAG')",0.13013913135090333,0.2375529365750126,0.16748393890131222,0.20612516321572635,0.1355858389464367,0.0497652235499515,3.493955439053653e-05,5.64951311770892e-05,0.0003759452717958001,3.493955439053653e-05,0.0017431493628710397,0.07110229858603201
"('Sample_1', 'CATACGCTATCTCCGCCC')",0.524912547199487,0.340878323454039,0.03362869301346811,0.0005466533030117405,0.0022322511696288576,0.0003712838221228816,2.6483992512274868e-05,0.0052789947225392675,0.022026805644409366,2.6483992512274868e-05,0.009398954484935487,0.060672525201333705
"('Sample_1', 'CATACTCGGATGCCGCGT')",0.19153687900462948,0.4725031239878622,0.15591363708405673,0.02679277922742273,0.02645616406134601,0.03332099366096212,6.868647670387594e-05,0.013559753182986203,0.020631941322642604,6.868647670387594e-05,0.0033525745311692706,0.05579478098351492
"('Sample_1', 'CATAGCACCGCATTACTC')",0.06856853226907446,0.7545508809378183,0.00863675827324378,0.007335644348387846,1.8342214932302982e-05,0.02823773693906829,1.9053095583739412e-05,5.677126775180031e-05,0.08822406625306323,1.9053095583739412e-05,0.019193313387768928,0.025139847917723546
"('Sample_1', 'CATCATCTTACAAGAAAG')",0.036967594309474515,0.7966240506100829,0.003219300860823968,2.4514479425924798e-05,2.033029103082763e-05,0.1518895441527785,2.064630144670038e-05,2.326970068387929e-05,0.009949427306927354,2.064630144670038e-05,0.0011872808837526132,5.339480212639089e-05
"('Sample_1', 'CATGCACCTCAGTGTATC')",0.06664539354268526,0.5085326285751735,0.04919862329037023,0.004065008848465443,0.010629844262498911,0.03933292227867273,3.652954430051317e-05,4.117394871367159e-05,0.05121791005637273,3.652954430051317e-05,0.15325725294127246,0.11700618316717416
"('Sample_1', 'CATGGTACGATCGCGCCC')",0.048477922904531914,0.6374220865921921,0.024331930921156215,0.005998459706675658,0.002933967951330401,0.17872613713491106,2.369446806773939e-05,0.020834499324305585,0.01824832133517214,2.369446806773939e-05,0.009962839541549468,0.05301644565204006
"('Sample_1', 'CCACTGTTACGGCATAGT')",0.024006820763729363,0.7894599698307979,0.007554687296772086,0.00014134566024369554,0.000715484933036515,0.02744153451297084,2.1300775138638585e-05,0.08063250209372326,0.00459265775088814,2.1300775138638585e-05,0.013254950122253082,0.05215744548530777
"('Sample_1', 'CCATAGTTAATGCGCTTC')",0.14330851542032122,0.3945065938850432,0.05335694535414815,0.004257830321445636,0.009525774791168133,0.07046787401638861,3.1449399765052363e-05,3.54317771135885e-05,0.2823389448913424,3.1449399765052363e-05,0.02981963992767089,0.012319550815828015
"('Sample_1', 'CCATGTCGTAGGATGGCC')",0.11223488441568408,0.42403671883507643,0.05983799286354348,0.03086682579632949,7.727859061741174e-05,0.06362049890100392,8.025155385972376e-05,9.651237437531207e-05,0.005796017853133154,8.025155385972376e-05,0.16544722570837161,0.13782554155414595
"('Sample_1', 'CCCGCATTCTATACGAGT')",0.09472949488551707,0.201269066442297,0.5932410244538315,8.137026771778548e-05,0.016482520413891283,0.058593256124876515,5.042232319729802e-05,6.417871555781933e-05,4.921605830027763e-05,5.042232319729802e-05,0.009710495683364679,0.025678532308251525
"('Sample_1', 'CCCGCGGAATGAAGCATC')",0.08522958420158556,0.6641256177012796,0.038090657071425324,3.412653302707176e-05,0.012098952740702978,0.07016431440501504,2.5857087300155633e-05,3.6120570993185886e-05,0.09051389849881337,2.5857087300155633e-05,0.006820964456710593,0.03283404964584694
"('Sample_1', 'CCCTTTCAACCTCTCGAT')",0.07452121320628632,0.26484074639944727,0.4329076995797686,0.04222886453912365,0.01762328231294487,0.018801492574769704,3.775805203096728e-05,0.01983665840645928,4.0930400980937815e-05,3.775805203096728e-05,0.0249121461012276,0.10421145037492986
"('Sample_1', 'CCGCCAGTTAATCAGCAA')",0.1007411689106166,0.482307388762544,0.06538548439239425,0.008247089370305745,6.776214675430162e-05,0.05186115119617046,6.95162264693884e-05,0.00013382880438390105,6.649349704880321e-05,6.95162264693884e-05,0.22999644787048243,0.06105415259636083
"('Sample_1', 'CCGCTTCCAACTCTGTGG')",0.19600933186954528,0.47472447168329895,0.11993338935504791,0.01647456198521704,0.03316376029043929,0.02670409072338058,0.00010005864677229044,0.00012030642148211574,0.00010283635332491493,0.00010005864677229044,0.022263880159972417,0.11030325386474688
"('Sample_1', 'CCGTCCGCGTCCATTGTA')",0.04503526106961181,0.641943415908576,0.026007216309949798,0.0264307295423253,0.002090124012273244,0.05303635877836521,3.3665404065925186e-05,4.046626002216756e-05,0.13963755034432473,3.3665404065925186e-05,0.043103127113015935,0.022608419853404168
"('Sample_1', 'CCGTTCGAGCGTTCGCTA')",0.12948652161418395,0.4119870765520655,0.18750734706384353,0.04492870995056154,0.021744719024131224,0.03238042314482826,0.00014368270005913895,0.0002006455739924296,0.04441394749408049,0.00014368270005913895,0.013764864376587652,0.11329837980560702
"('Sample_1', 'CCTCACGCCGGACGAGTT')",0.035446829455821977,0.2930153155885856,0.3881133468357301,0.017084386318946335,0.020057168215450668,0.0603606181766553,7.853723206962033e-05,0.057987712749259526,0.021672027550462804,7.853723206962033e-05,0.04545853355497168,0.06064698708997656
"('Sample_1', 'CCTCAGGAAGGGTGTATC')",0.09390112846682004,0.7373457071043208,0.04997104490147366,0.006098776948325023,0.00515566586010939,3.926491993568677e-05,3.6535474762626085e-05,4.6496346729962406e-05,0.07023348347999826,3.6535474762626085e-05,0.019654735436233084,0.017480625586528888
"('Sample_1', 'CGAACTAGAATCGATAGC')",0.030105959906399794,0.7304478243230466,0.011445793375674173,0.0026674338836501,0.001694514807253406,0.13181930291815513,2.523847767395512e-05,0.02444774300320784,0.0019697418374516706,2.523847767395512e-05,0.004497392574181369,0.060853816415632034
"('Sample_1', 'CGACACGCTTAGTACCGA')",0.2830164379501502,0.3704841589983611,0.08244926866209128,0.15101790270918333,7.913513449036704e-05,0.0029001614503018896,7.816359420089373e-05,9.395557128803874e-05,0.0044038989188513135,7.816359420089373e-05,0.04978910806293816,0.0556096453539425
"('Sample_1', 'CGACCATGGCCTGTGAGG')",0.10382551125425121,0.43995642201607843,0.01621378743048308,0.008019192631838845,0.006260162577927123,0.1654802531124059,3.9419930361668236e-05,4.738744237358416e-05,0.18039887158806905,3.9419930361668236e-05,0.029527506000631323,0.05019206608521798
"('Sample_1', 'CGACCGAGGCGCTACCTT')",0.03648826165843326,0.6995048804423073,0.015750421438308272,0.002155548842070344,0.0009268026758020617,0.1303189006324494,2.5507884622554223e-05,0.0767585701301944,0.009656975361620043,2.5507884622554223e-05,0.004098083740099298,0.02429053930947047
"('Sample_1', 'CGAGCACTCAATTCCGGG')",0.2936913215201588,0.38135191962252174,0.017404464363857716,0.1063329954625074,5.1801613596547244e-05,0.04304789405577621,5.3809176197629416e-05,0.00016027017039112174,0.08238434176535937,5.3809176197629416e-05,0.01740525690441352,0.05806211616902248
"('Sample_1', 'CGCCGGCTAACTGTATGG')",0.28171996768435237,0.5137300942692594,0.10882594072517802,0.008183202843685023,0.006538920164379584,0.00016883849091071983,0.00015545376106262493,0.0003029081463399057,0.035107926808943514,0.00015545376106262493,0.00017588288577202822,0.044935410459054026
"('Sample_1', 'CGCCGTCTCTAAATTGAC')",0.20395316361656415,0.47532547177652107,0.2107026234608661,4.4161038853790085e-05,0.015676153993067442,0.00019322875509344617,4.383363638242356e-05,0.00019613916024148123,4.5613823847444866e-05,4.383363638242356e-05,6.983658102078014e-05,0.09370594052115937
"('Sample_1', 'CGCTAATTGCCCGATCCG')",0.35253106760915237,0.37737696296848544,0.05652320705930386,8.100011442994689e-05,0.02403734275179916,0.0007738464630520083,7.287199236470681e-05,8.767008138823604e-05,7.488514342104079e-05,7.287199236470681e-05,0.11029682147379774,0.07807145235044075
"('Sample_1', 'CGCTCATTCGCAGACGTA')",0.052301235896818725,0.6307794681735844,0.01144707847981598,3.1939827461571376e-05,0.0016034022182929441,0.06474692837118577,2.9018396153010046e-05,3.4877168596081925e-05,0.21040923078044538,2.9018396153010046e-05,0.0049466076900590355,0.02364119460143402
"('Sample_1', 'CGGAGGGATGCAATGTCT')",0.08434728502790438,0.21957570752545336,0.2571679866825056,0.13221001532282536,0.10742322637897837,0.09118492594409705,9.756033054806405e-05,0.009115356128390673,0.036170549285531234,9.756033054806405e-05,0.01469642431756226,0.047913402725655564
"('Sample_1', 'CGGCGCCTGAATCATAAA')",0.09160590536603681,0.2001895288555494,0.5528056790012745,0.0065694049103096255,0.020980308838274432,0.0582657233028023,6.530829549246339e-05,7.852360180321567e-05,0.014537902168514773,6.530829549246339e-05,0.019309110731644798,0.03552729663280539
"('Sample_1', 'CGGGCTCATTAGATGTAA')",0.21489913076770709,0.40216958288497134,0.04620315604433282,0.005439992138654202,0.0001247918500251256,0.03791629053021845,0.00012946187214927534,0.0003289695060371465,0.05516116428501043,0.00012946187214927534,0.15584302688628252,0.08165497136246241
"('Sample_1', 'CGTCAGATTCTACTAAGT')",0.022565059178524218,0.7172600876553644,0.00863268962798384,1.4290643865411723e-05,1.4491739945234299e-05,0.10851361408951081,1.4662680204431749e-05,0.09753476138720202,1.4044644762224147e-05,1.4662680204431749e-05,1.4198714033835444e-05,0.04540743695839912
"('Sample_1', 'CGTCATAGTGCGACGCCG')",0.08799648601812995,0.3585932654664836,0.013522933469870376,0.006991412371527917,0.0024391205661185044,0.009087741297332256,3.245827641647421e-05,3.902256093192626e-05,0.4661915003872755,3.245827641647421e-05,0.020381842688405087,0.0346917586210918
"('Sample_1', 'CGTCTATCCAACGTATAG')",0.2158098503734715,0.3045397018432012,0.3245534881215862,0.006407514642741604,0.0009043538166620026,0.054703124778209725,6.230407332184219e-05,0.00010074179363551258,0.007789138096379379,6.230407332184219e-05,0.025928198782454448,0.05913927960501486
"('Sample_1', 'CGTCTCAAACATTCGGCC')",0.12732009375058215,0.5244872210079411,0.03266342941050497,0.0014244451093478041,0.001526918482282216,0.03163334631120076,2.4884104988654205e-05,3.1595638762685674e-05,0.23940880818291807,2.4884104988654205e-05,0.012601090904286984,0.028853282992195802
"('Sample_1', 'CGTTAGGCGATATCTGTA')",0.0982406473865247,0.4850969537561994,0.04547643352107168,3.2762539808610845e-05,0.008399798917074909,0.030078410173374374,3.021759743347223e-05,0.0043692102252379985,0.29300086957584154,3.021759743347223e-05,0.035184809402494965,5.966930750483519e-05
"('Sample_1', 'CGTTATGGAGCCATCCCT')",0.17018683913403834,0.3055161673027122,0.05662783860406926,0.01939749010024424,6.60806615792227e-05,0.06295997851238523,6.864171880083329e-05,0.00020455291171638326,6.698739605893493e-05,6.864171880083329e-05,0.29252804703673574,0.09230873490285879
"('Sample_1', 'CGTTCCTTAGGTCCTGAC')",0.037462456983832035,0.2538521122269508,0.5426853473519309,7.631352267867222e-05,0.033915789721800524,0.052636420679581186,6.427188602800031e-05,7.243852146306083e-05,0.0371906906824552,6.427188602800031e-05,0.0036755260270019694,0.03830436051024967
"('Sample_1', 'CGTTGTACTCAGATCTGT')",0.29946573531964193,0.477131549629008,0.05333152506130394,0.0011616192772661974,0.017084757835580524,0.04778409992013086,5.27403329662422e-05,5.944579392021783e-05,0.029115317078266218,5.27403329662422e-05,0.014207211067447307,0.06055325835150238
"('Sample_1', 'CTACAATCGCGCGTGATC')",0.07516827871434044,0.25273678443146125,0.2584179405087762,0.13411265025478422,0.18574842909294284,4.2027480123121635e-05,3.89328286947925e-05,5.435922137113195e-05,0.007392729373839575,3.89328286947925e-05,0.005766031150001337,0.08048290411497037
"('Sample_1', 'CTACGTTGTCGCCTGCCC')",0.35982996665485223,0.19460489916348356,0.009365275616611423,0.0057565122970144236,0.00554358786454011,0.2164037948946071,9.860039102860523e-05,0.00019096803889537031,0.037721832365703215,9.860039102860523e-05,0.08722653823253644,0.08315942408969887
"('Sample_1', 'CTAGCGACGATAGATATT')",0.10348179586693194,0.5719079407797562,0.07862937174709637,0.009888004085608821,0.019113291652237525,0.011061312578670048,5.1347783547949974e-05,5.78498554538848e-05,0.06010137785350057,5.1347783547949974e-05,0.06217123234207173,0.08348512767157695
"('Sample_1', 'CTAGCGGTTGCCAGAAAG')",0.05690034922985385,0.3028503868559239,0.5259842013756176,0.013865516083159163,6.937505088527396e-05,0.035329832638566934,7.20439592033977e-05,8.664172979520989e-05,0.017407176201810176,7.20439592033977e-05,0.0006649395005452202,0.04669749341543585
"('Sample_1', 'CTATCCGCGTCCAATGAG')",0.02706674475331746,0.5412566377120468,0.017352176927056137,3.186005867347652e-05,0.002524827277916756,0.2141382415504118,1.9742603906228026e-05,0.13244057534056797,1.927029704013267e-05,1.9742603906228026e-05,0.006193290406092295,0.05893689046906451
"('Sample_1', 'CTATCGCGGATGGTATCC')",0.024026237189950554,0.6136098518444406,0.011945778168456959,2.7571103246780392e-05,0.0006555142110179644,0.12984856429429925,2.0890157689831744e-05,0.1251705725117677,0.00486431359885771,2.0890157689831744e-05,0.01459491724552278,0.07521489951706006
"('Sample_1', 'CTATGTCTATGACCGCGC')",0.04122571409074562,0.431416884721811,0.019415643466224194,0.00046018517794221825,0.003967975104195447,0.0028231811722956874,2.268931611837357e-05,0.27796459238384014,2.4595622862129747e-05,2.268931611837357e-05,2.3492432513402593e-05,0.2226323571953333
"('Sample_1', 'CTATTCATACTCGGGTAC')",0.10850750286898632,0.5057732603438331,0.020106748584405833,1.9624213435043257e-05,0.0076760651552994765,0.12564370462976535,1.9806105506486048e-05,0.0375475464345825,0.14081381325384087,1.9806105506486048e-05,1.8870604741958262e-05,0.05385325170009637
"('Sample_1', 'CTATTTCAGCTACTTAGG')",0.21257053543132473,0.45544086522500044,0.036455385683084325,0.04000498177026851,0.009673916914195717,0.06906375562933624,3.26489256820203e-05,3.92557319099076e-05,0.009026667431979869,3.26489256820203e-05,0.07457144465777366,0.0930878936737625
"('Sample_1', 'CTCAAACCGGAACTCTGT')",0.20497144816581098,0.5012034847766642,0.08573501687980051,0.013376532877539942,0.008062654489316257,0.06179280916859963,7.213318628549435e-05,8.670504126824021e-05,7.41504436979859e-05,7.213318628549435e-05,0.08870901179087383,0.03584391999385756
"('Sample_1', 'CTCACGTGCAAGGTTTAG')",0.3765158919208165,0.35806158707200886,0.05074568205737667,0.0071481676829086675,0.0006618290892452938,0.06271127055499684,5.515572959568366e-05,7.702215744101401e-05,0.07476114722206971,5.515572959568366e-05,0.024120592507825042,0.04508649827612001
"('Sample_1', 'CTCAGTATGCATGAGCAG')",0.039673851014211656,0.29312486869345944,0.026492667018929307,3.460336941711269e-05,0.003495873368505472,0.12204684580525711,3.4922145990787956e-05,0.17477864338995672,0.01877138837843783,3.4922145990787956e-05,3.327114183215603e-05,0.32147814352801163
"('Sample_1', 'CTCTATGGTTCCCGAGAG')",0.11251604407328954,0.33203938832944346,0.4513608253167558,0.0045055795710367795,0.0001099761806725961,0.00011754661023953909,0.00010937552444963396,0.00013919519372065505,0.01787226268456478,0.00010937552444963396,0.02703676011536201,0.05408367087601537
"('Sample_1', 'CTCTATGTTTACGCAGGT')",0.1520960611332634,0.427333810492878,0.06591130627095544,0.008115332747213301,0.016942772905109014,0.13036002009135644,6.923824192451966e-05,9.670260870008625e-05,0.04540498172822494,6.923824192451966e-05,0.056661445052922026,0.0969390904855284
"('Sample_1', 'CTGAAGTGTTCCGTTTCC')",0.049173287037971546,0.7147731777324475,0.02325113364459044,2.370419458784588e-05,0.003923508624223439,0.11752646027194369,2.3495541064119843e-05,2.8242520813608117e-05,0.03798271610662875,2.3495541064119843e-05,0.019517314647863025,0.03375346413680185
"('Sample_1', 'CTGAGCTATTGGGCGTCG')",0.18856400287504746,0.4582219621069428,0.050155996508781574,0.029946717663759576,0.047659730991373585,0.00011971035569406665,0.00010995090774332879,0.03789788720250081,0.052061784467573466,0.00010995090774332879,0.05276824711287573,0.0823840588999641
"('Sample_1', 'CTGAGGGTTGTATAAGTC')",0.2945595678279069,0.4703385174283953,0.09540609537261817,0.0009560371741246926,0.004629991251802803,0.001673923959197237,5.421156345871283e-05,6.108740922289164e-05,0.012923250607954854,5.421156345871283e-05,0.03884981321731322,0.08049329262454653
"('Sample_1', 'CTGATGCATTAGATACGG')",0.036191808828246484,0.5505915014405593,0.026288207216439933,2.8868438907849158e-05,0.003991414792273388,0.07910016848406096,2.9117691742929545e-05,0.1460224383433197,2.8413873877973806e-05,2.9117691742929545e-05,0.031203336292517637,0.12649560690631081
"('Sample_1', 'CTGGAGCATCGACTTGAG')",0.10348309433533287,0.5048378011328314,0.03011485989640704,2.7897473654803975e-05,0.0015148587160249236,0.013336234689775382,2.545401693768583e-05,4.959835817308903e-05,0.2682520594012529,2.545401693768583e-05,0.024532986346013908,0.05379970161665833
"('Sample_1', 'CTGTGAGTTTAATACGCC')",0.1637067393944506,0.2744802343421463,0.41006262305563596,0.00016327640274040042,0.02801869972118989,0.0007178590963760536,0.00016206589921876564,0.0007271280299770745,0.00016864777729473822,0.00016206589921876564,0.055282330438243564,0.06634832994350798
"('Sample_1', 'CTTCCAACTCTCGCATAG')",0.33214724738330853,0.46712611063466986,0.0606012874984806,5.073042271877296e-05,0.001792044480278469,0.000471613891444659,4.563977553070816e-05,5.490782787903794e-05,0.02252502733979722,4.563977553070816e-05,0.020998041110279267,0.09414170986008218
"('Sample_1', 'CTTGAGATCTTCTTGCGG')",0.19052504621948443,0.4995397698508069,0.0740393933809567,0.004216339130261315,0.02802853948501842,4.541665799258636e-05,4.077514084616556e-05,4.900758287865769e-05,0.034312213109779166,4.077514084616556e-05,0.026074556496286445,0.14308816780484318
"('Sample_1', 'CTTGTCGTCTCCACCTCA')",0.10975232036758259,0.44780860536582695,0.0622295237767876,0.07317742530626263,0.004320213253970244,9.826942920643454e-05,9.014292695660558e-05,0.0002465924241701042,0.0471553563779506,9.014292695660558e-05,0.18628787962966545,0.06874352821466402
"('Sample_1', 'CTTTAAGACGCGGTTCAT')",0.19354710894814192,0.3401222680870023,0.2737486672979355,0.009148917301422222,0.019139649325956305,0.028326406670178682,4.699648232040321e-05,5.6506344771557275e-05,0.007090077962419947,4.699648232040321e-05,0.010034353074816043,0.11869205202271474
"('Sample_1', 'CTTTCACTGTCAGATACG')",0.3504080593670248,0.4814946202725119,0.062256121408764756,0.0026667066719690954,2.2850385923704834e-05,0.03380983499031275,2.3705504270176435e-05,6.024076756968599e-05,2.3953121801230474e-05,2.3705504270176435e-05,0.017277971492181358,0.05193223051340038
"('Sample_1', 'GAAACTGCATCCTCGACT')",0.3829180293246753,0.40116036014749723,0.0908675143737592,2.7947690548165276e-05,2.8340966925016867e-05,0.04001663698334256,2.867526839756395e-05,3.232019630704135e-05,2.7466599035261493e-05,2.867526839756395e-05,0.019328611608147767,0.06553542157296745
"('Sample_1', 'GAAGATTCGCCCGGTCCA')",0.11825000887685261,0.37826266253768887,0.08962581037289731,0.16814514996866922,0.12619731015398392,0.003592341208526458,3.316702451286318e-05,3.987464289769195e-05,0.023824937150459316,3.316702451286318e-05,0.023197192536395028,0.06879837850260384
"('Sample_1', 'GAATATGAGTTGATACAG')",0.030541891553009667,0.783540133936805,0.010374432540910966,0.0002534497117785552,0.0003278026445171732,0.08700682649614849,1.833390852741737e-05,0.044451233573174494,0.008287992073901844,1.833390852741737e-05,0.002406096905289931,0.03277347274740904
"('Sample_1', 'GAATTATTCCGCAGGGCT')",0.05861057649897159,0.43729401731304746,0.01887951310618793,0.002952805443904721,0.00410546429802871,0.01260040334785333,2.019958902325363e-05,0.32504660773642907,0.008937419139876187,2.019958902325363e-05,0.010799619823512772,0.12073317411414185
"('Sample_1', 'GACACGTCGGTCCTCCTT')",0.0330605976825561,0.5478484902507584,0.034610536178182515,0.007962453612511076,0.0041718029019528,2.7390661740981788e-05,2.5414990545010708e-05,0.24101864205542178,0.0032903437797499884,2.5414990545010708e-05,0.03158640075165741,0.09637251214437872
"('Sample_1', 'GACCAAGAGTAGCGAGGG')",0.1041331628256843,0.25476153791399403,0.2586697916655517,0.10412097017553804,0.144779817725292,0.04490435368465118,5.29991976666994e-05,0.011884078133282678,5.1721872757787056e-05,5.29991976666994e-05,0.013276162120947859,0.063312405486967
"('Sample_1', 'GACCGAGGCGACGCCAAT')",0.16115245815895907,0.39910459716418206,0.01458510346769909,3.938774074099919e-05,0.005728639375371929,0.06487411369849468,3.3172690585850705e-05,0.005949489964087798,0.30402786114842745,3.3172690585850705e-05,0.04438620542363607,8.579847722923754e-05
"('Sample_1', 'GACCTCGAGTAAGCCGCG')",0.07248642639969109,0.38053819647846787,0.3271077576980644,0.027400197720039078,0.03180885197096485,0.04441560466296057,8.763782763285273e-05,9.878019325831366e-05,0.017330666591147324,8.763782763285273e-05,0.0688477397530204,0.029790502877120498
"('Sample_1', 'GACGACACTTGTATGTGG')",0.16335528931807708,0.5257962421584826,0.19721370430119653,0.003901455209110399,0.00718522038932857,5.182252133464591e-05,4.800662218633878e-05,6.70283386160345e-05,0.006659411414270966,4.800662218633878e-05,0.02265418564243119,0.07301962746277917
"('Sample_1', 'GACGCACATTTACGGTAC')",0.10351059806232561,0.6976620058028177,0.014319608960347214,0.00026615667914697757,0.0026042887578087374,4.254439884770363e-05,3.88869906541432e-05,7.531434620803273e-05,0.07743678686122273,3.88869906541432e-05,0.06449503294599769,0.039509889203969493
"('Sample_1', 'GACTACGTAGGATGCCAG')",0.034397393979314676,0.7176778976082598,0.020262733430102688,0.0013639187065657137,0.0038165488095014896,0.17253454678435343,1.9595908355395992e-05,0.027163471441897142,0.005231947160284178,1.9595908355395992e-05,0.0017168384234076308,0.015795511839602348
"('Sample_1', 'GAGAATTCGCAGCAAATC')",0.03499209410726261,0.5928904865521466,0.015105981521588768,2.0577164297417827e-05,1.9869039257410127e-05,0.05975970706012311,2.0633415516390315e-05,0.18151417815066198,0.0003577171048965399,2.0633415516390315e-05,0.009457614813148715,0.10584050765558417
"('Sample_1', 'GAGATGGAACGACATGGT')",0.21921343263337906,0.39482930395177407,0.10875286910749589,0.14611930180646665,0.004436443119019226,0.04064783802277549,4.6963310265295183e-05,5.9776000834427333e-05,4.5839796142425856e-05,4.6963310265295183e-05,0.024610584667469917,0.06119068427411236
"('Sample_1', 'GAGCATCGTAATCTAGGT')",0.27371833408331064,0.38914673758851753,0.10983504920081667,0.038058685472047986,0.0036760225148086377,0.06829735530054296,5.766412550731331e-05,8.055281361896748e-05,0.033648209784250156,5.766412550731331e-05,0.019777450804359876,0.0636462741867117
"('Sample_1', 'GAGCCACGTATTGTCTTT')",0.12667520230202392,0.3912672884717894,0.055769546685883124,0.008647991977859058,0.027293658139549065,6.0803809420342506e-05,5.696024829736712e-05,0.07677858006097202,0.1092529118789836,5.696024829736712e-05,0.13774677051162745,0.06639332566529733
